{
    "orientation_override": "none",
    "frames": [
        {
            "fl_x": 0.54006028175354,
            "fl_y": 0.960107147693634,
            "cx": 0.5,
            "cy": 0.5,
            "w": 1024,
            "h": 576,
            "file_path": "./000.png",
            "transform_matrix": [
                [
                    0.5717222235412999,
                    0.3423921483882411,
                    -0.74558789946664,
                    -1.5844750784733745
                ],
                [
                    0.8195483132368425,
                    -0.2808603853654395,
                    0.4994576892742499,
                    1.3380639437478985
                ],
                [
                    -0.03839570962710035,
                    -0.8965963831146171,
                    -0.4411810366887243,
                    -1.0180143865514941
                ],
                [
                    0.0,
                    0.0,
                    0.0,
                    1.0
                ]
            ]
        },
        {
            "fl_x": 0.7223421931266785,
            "fl_y": 1.2841639518737793,
            "cx": 0.5,
            "cy": 0.5,
            "w": 1024,
            "h": 576,
            "file_path": "./001.png",
            "transform_matrix": [
                [
                    -0.9383718159422763,
                    0.10015775136441472,
                    0.33079715822059114,
                    1.6054350497986174
                ],
                [
                    -0.3350405300051345,
                    -0.028527380516159835,
                    -0.9417717172818897,
                    -0.9668589847057422
                ],
                [
                    -0.08488896773667032,
                    -0.9945625248872725,
                    0.060326187747746146,
                    0.24011638009762268
                ],
                [
                    0.0,
                    0.0,
                    0.0,
                    1.0
                ]
            ]
        },
        {
            "fl_x": 0.5840663313865662,
            "fl_y": 1.0383400917053223,
            "cx": 0.5,
            "cy": 0.5,
            "w": 1024,
            "h": 576,
            "file_path": "./002.png",
            "transform_matrix": [
                [
                    0.5115139959859655,
                    0.07773387918543818,
                    -0.8557516438413971,
                    -0.7284080071954209
                ],
                [
                    0.8555265146332541,
                    -0.1389933928802779,
                    0.49875367713571456,
                    -0.11296744773884582
                ],
                [
                    -0.08017376605659068,
                    -0.9872377152100076,
                    -0.137600439882748,
                    -0.23904027441399753
                ],
                [
                    0.0,
                    0.0,
                    0.0,
                    1.0
                ]
            ]
        },
        {
            "fl_x": 0.5818830728530884,
            "fl_y": 1.0344587564468384,
            "cx": 0.5,
            "cy": 0.5,
            "w": 1024,
            "h": 576,
            "file_path": "./003.png",
            "transform_matrix": [
                [
                    0.9590248451138375,
                    0.08988729512678167,
                    -0.26868498400389057,
                    0.05390625830323903
                ],
                [
                    0.27640750110945145,
                    -0.08860297775760757,
                    0.9569474075134179,
                    0.9180970613211384
                ],
                [
                    0.0622111456666747,
                    -0.9920028927762398,
                    -0.10981800333404675,
                    -0.27466061821778653
                ],
                [
                    0.0,
                    0.0,
                    0.0,
                    1.0
                ]
            ]
        },
        {
            "fl_x": 0.6537045240402222,
            "fl_y": 1.1621413230895996,
            "cx": 0.5,
            "cy": 0.5,
            "w": 1024,
            "h": 576,
            "file_path": "./004.png",
            "transform_matrix": [
                [
                    0.11028574280604274,
                    0.16037867102749043,
                    0.9808749853132026,
                    2.9106553138471547
                ],
                [
                    -0.9924012766581851,
                    -0.036407049277058824,
                    0.11753447024243473,
                    -0.31475628194390376
                ],
                [
                    0.05456077173763805,
                    -0.9863839761994219,
                    0.15514478447292684,
                    0.23836770899042806
                ],
                [
                    0.0,
                    0.0,
                    0.0,
                    1.0
                ]
            ]
        },
        {
            "fl_x": 0.614237368106842,
            "fl_y": 1.091977596282959,
            "cx": 0.5,
            "cy": 0.5,
            "w": 1024,
            "h": 576,
            "file_path": "./005.png",
            "transform_matrix": [
                [
                    0.9686368244223884,
                    0.15862208462715488,
                    0.19126352668882446,
                    1.6999133213009932
                ],
                [
                    -0.20013433170002182,
                    0.04182485953429043,
                    0.9788753810132791,
                    0.49905499315392143
                ],
                [
                    0.1472716797927874,
                    -0.9864531153014524,
                    0.07225883570990085,
                    0.12126739962588223
                ],
                [
                    0.0,
                    0.0,
                    0.0,
                    1.0
                ]
            ]
        },
        {
            "fl_x": 0.5621016025543213,
            "fl_y": 0.999291718006134,
            "cx": 0.5,
            "cy": 0.5,
            "w": 1024,
            "h": 576,
            "file_path": "./006.png",
            "transform_matrix": [
                [
                    -0.15000201341726327,
                    0.38980604861170964,
                    -0.9085981732517916,
                    -1.9081180029439446
                ],
                [
                    0.92892769883166,
                    -0.2590881459819384,
                    -0.2645120758557279,
                    -0.6735132978449176
                ],
                [
                    -0.3385153939988399,
                    -0.8836993965891945,
                    -0.3232378772981222,
                    -0.26992551495079337
                ],
                [
                    0.0,
                    0.0,
                    0.0,
                    1.0
                ]
            ]
        },
        {
            "fl_x": 0.5400602705776691,
            "fl_y": 0.960107147693634,
            "cx": 0.5,
            "cy": 0.5,
            "w": 1024,
            "h": 576,
            "file_path": "./007.png",
            "transform_matrix": [
                [
                    0.36526495502082723,
                    0.5363659773668347,
                    -0.7608502158486603,
                    -2.112097700679953
                ],
                [
                    0.930139669921244,
                    -0.24338993836740946,
                    0.2749573282171388,
                    0.7632734125793242
                ],
                [
                    -0.037705531058876175,
                    -0.8081292447528603,
                    -0.5877970880352672,
                    -1.631707335090779
                ],
                [
                    0.0,
                    0.0,
                    0.0,
                    1.0
                ]
            ]
        },
        {
            "fl_x": 0.5400602705776691,
            "fl_y": 0.960107147693634,
            "cx": 0.5,
            "cy": 0.5,
            "w": 1024,
            "h": 576,
            "file_path": "./008.png",
            "transform_matrix": [
                [
                    0.38359543923399136,
                    0.531998649173334,
                    -0.7548721588962127,
                    -2.0813663762582855
                ],
                [
                    0.9228119446301855,
                    -0.2523875075508144,
                    0.29106470222296366,
                    0.785220204606221
                ],
                [
                    -0.03567427429866196,
                    -0.8082561371929292,
                    -0.5877494048004033,
                    -1.6285696406913441
                ],
                [
                    0.0,
                    0.0,
                    0.0,
                    1.0
                ]
            ]
        },
        {
            "fl_x": 0.5400602705776691,
            "fl_y": 0.960107147693634,
            "cx": 0.5,
            "cy": 0.5,
            "w": 1024,
            "h": 576,
            "file_path": "./009.png",
            "transform_matrix": [
                [
                    0.40294103188222447,
                    0.5276832639201005,
                    -0.7477893405260053,
                    -2.0460661997525387
                ],
                [
                    0.9146226952375411,
                    -0.26182726286977615,
                    0.30807760349388796,
                    0.8091108481915386
                ],
                [
                    -0.03322424088078159,
                    -0.8080822095534282,
                    -0.588132036553991,
                    -1.6257747421229822
                ],
                [
                    0.0,
                    0.0,
                    0.0,
                    1.0
                ]
            ]
        },
        {
            "fl_x": 0.5400602705776691,
            "fl_y": 0.960107147693634,
            "cx": 0.5,
            "cy": 0.5,
            "w": 1024,
            "h": 576,
            "file_path": "./010.png",
            "transform_matrix": [
                [
                    0.4232160100754715,
                    0.5233755097658923,
                    -0.7395716899618932,
                    -2.006398128987266
                ],
                [
                    0.905519919663634,
                    -0.27169198700988584,
                    0.32590971032938926,
                    0.8348216146540953
                ],
                [
                    -0.030362541200707648,
                    -0.8076271045302482,
                    -0.5889113482689249,
                    -1.62331842414204
                ],
                [
                    0.0,
                    0.0,
                    0.0,
                    1.0
                ]
            ]
        },
        {
            "fl_x": 0.5400602705776691,
            "fl_y": 0.960107147693634,
            "cx": 0.5,
            "cy": 0.5,
            "w": 1024,
            "h": 576,
            "file_path": "./011.png",
            "transform_matrix": [
                [
                    0.44433088154362244,
                    0.5190304331041941,
                    -0.7301900281559175,
                    -1.962563121787023
                ],
                [
                    0.8954528890329633,
                    -0.28196375098387,
                    0.34447143082355225,
                    0.8622287753127086
                ],
                [
                    -0.02709596333749034,
                    -0.8069100647796994,
                    -0.5900525028571904,
                    -1.6211964715048588
                ],
                [
                    0.0,
                    0.0,
                    0.0,
                    1.0
                ]
            ]
        },
        {
            "fl_x": 0.5400602705776691,
            "fl_y": 0.960107147693634,
            "cx": 0.5,
            "cy": 0.5,
            "w": 1024,
            "h": 576,
            "file_path": "./012.png",
            "transform_matrix": [
                [
                    0.46619253194185445,
                    0.5146027616937201,
                    -0.7196169264399215,
                    -1.9147621359763674
                ],
                [
                    0.8843729398498437,
                    -0.29262364253040163,
                    0.36367005251131773,
                    0.8912086014861997
                ],
                [
                    -0.023431312873757607,
                    -0.8059499993730604,
                    -0.5915197140312198,
                    -1.6194046689677914
                ],
                [
                    0.0,
                    0.0,
                    0.0,
                    1.0
                ]
            ]
        },
        {
            "fl_x": 0.5400602705776691,
            "fl_y": 0.960107147693634,
            "cx": 0.5,
            "cy": 0.5,
            "w": 1024,
            "h": 576,
            "file_path": "./013.png",
            "transform_matrix": [
                [
                    0.488704424731394,
                    0.5100472251801549,
                    -0.7078275307827333,
                    -1.8631961293798514
                ],
                [
                    0.8722342381808335,
                    -0.3036515258255365,
                    0.38340994328384914,
                    0.9216373644933858
                ],
                [
                    -0.019375732065091005,
                    -0.8047655428445278,
                    -0.5932764971386393,
                    -1.6179388012871794
                ],
                [
                    0.0,
                    0.0,
                    0.0,
                    1.0
                ]
            ]
        },
        {
            "fl_x": 0.5400602705776691,
            "fl_y": 0.960107147693634,
            "cx": 0.5,
            "cy": 0.5,
            "w": 1024,
            "h": 576,
            "file_path": "./014.png",
            "transform_matrix": [
                [
                    0.5117668573686063,
                    0.5053188733378066,
                    -0.6948003453853996,
                    -1.8080660598220308
                ],
                [
                    0.8589945109511473,
                    -0.31502583451445165,
                    0.4035928068539778,
                    0.953391335653086
                ],
                [
                    -0.014936996179269472,
                    -0.8033751053132547,
                    -0.5952859197965775,
                    -1.6167946532193722
                ],
                [
                    0.0,
                    0.0,
                    0.0,
                    1.0
                ]
            ]
        },
        {
            "fl_x": 0.5400602705776691,
            "fl_y": 0.960107147693634,
            "cx": 0.5,
            "cy": 0.5,
            "w": 1024,
            "h": 576,
            "file_path": "./015.png",
            "transform_matrix": [
                [
                    0.535277276141714,
                    0.5003733917706896,
                    -0.6805179692368184,
                    -1.749572885127462
                ],
                [
                    0.8446157390338231,
                    -0.3267233997666878,
                    0.4241179946916261,
                    0.9863467862841203
                ],
                [
                    -0.010123784996543372,
                    -0.8017969124739714,
                    -0.5975108535621345,
                    -1.6159680095207163
                ],
                [
                    0.0,
                    0.0,
                    0.0,
                    1.0
                ]
            ]
        },
        {
            "fl_x": 0.5400602705776691,
            "fl_y": 0.960107147693634,
            "cx": 0.5,
            "cy": 0.5,
            "w": 1024,
            "h": 576,
            "file_path": "./016.png",
            "transform_matrix": [
                [
                    0.5591306505970106,
                    0.49516741426264876,
                    -0.6649677792309986,
                    -1.6879175631206982
                ],
                [
                    0.8290648064914627,
                    -0.3387193147351099,
                    0.4448828749936894,
                    1.020379987705305
                ],
                [
                    -0.00494592764169311,
                    -0.8000490345458958,
                    -0.5999142273041566,
                    -1.6154546549475548
                ],
                [
                    0.0,
                    0.0,
                    0.0,
                    1.0
                ]
            ]
        },
        {
            "fl_x": 0.5400602705776691,
            "fl_y": 0.960107147693634,
            "cx": 0.5,
            "cy": 0.5,
            "w": 1024,
            "h": 576,
            "file_path": "./017.png",
            "transform_matrix": [
                [
                    0.5832199071079327,
                    0.48965883046470504,
                    -0.6481425535335196,
                    -1.6233010516262965
                ],
                [
                    0.8123141001375226,
                    -0.350986836453388,
                    0.4657832579153195,
                    1.0553672112354604
                ],
                [
                    0.0005853808853047714,
                    -0.7981494035482203,
                    -0.602459282395781,
                    -1.6152503742562356
                ],
                [
                    0.0,
                    0.0,
                    0.0,
                    1.0
                ]
            ]
        },
        {
            "fl_x": 0.5400602705776691,
            "fl_y": 0.960107147693634,
            "cx": 0.5,
            "cy": 0.5,
            "w": 1024,
            "h": 576,
            "file_path": "./018.png",
            "transform_matrix": [
                [
                    0.6074364197759579,
                    0.48380708716324583,
                    -0.6300410290928538,
                    -1.5559243084688115
                ],
                [
                    0.7943420535303211,
                    -0.36349732583750827,
                    0.48671387498428015,
                    1.0911847281934046
                ],
                [
                    0.006457392894916509,
                    -0.7961158185337082,
                    -0.6051098293346463,
                    -1.615350952203108
                ],
                [
                    0.0,
                    0.0,
                    0.0,
                    1.0
                ]
            ]
        },
        {
            "fl_x": 0.5400602705776691,
            "fl_y": 0.960107147693634,
            "cx": 0.5,
            "cy": 0.5,
            "w": 1024,
            "h": 576,
            "file_path": "./019.png",
            "transform_matrix": [
                [
                    0.6316705555287997,
                    0.4775734809924736,
                    -0.6106683875317842,
                    -1.4859882914727973
                ],
                [
                    0.7751336296074057,
                    -0.3762202260640609,
                    0.5075689093630105,
                    1.1277088098979555
                ],
                [
                    0.012655652080662895,
                    -0.7939659386604934,
                    -0.6078305049249956,
                    -1.6157521735445135
                ],
                [
                    0.0,
                    0.0,
                    0.0,
                    1.0
                ]
            ]
        },
        {
            "fl_x": 0.5400602705776691,
            "fl_y": 0.960107147693634,
            "cx": 0.5,
            "cy": 0.5,
            "w": 1024,
            "h": 576,
            "file_path": "./020.png",
            "transform_matrix": [
                [
                    0.6558122690171417,
                    0.4709214401449299,
                    -0.59003666413064,
                    -1.4136939584628103
                ],
                [
                    0.7546807364157917,
                    -0.3891230791842453,
                    0.5282425724315392,
                    1.1648157276679338
                ],
                [
                    0.01916386937720811,
                    -0.7917172642162079,
                    -0.6105870287293177,
                    -1.6164498230368
                ],
                [
                    0.0,
                    0.0,
                    0.0,
                    1.0
                ]
            ]
        },
        {
            "fl_x": 0.5400602705776691,
            "fl_y": 0.960107147693634,
            "cx": 0.5,
            "cy": 0.5,
            "w": 1024,
            "h": 576,
            "file_path": "./021.png",
            "transform_matrix": [
                [
                    0.6797517417253109,
                    0.4638167924001554,
                    -0.5681650752281746,
                    -1.3392422672634037
                ],
                [
                    0.7329825707959989,
                    -0.4021715804017772,
                    0.5486297210564015,
                    1.2023817528221556
                ],
                [
                    0.025963831202162682,
                    -0.7893871059276101,
                    -0.613346457122349,
                    -1.617439685436315
                ],
                [
                    0.0,
                    0.0,
                    0.0,
                    1.0
                ]
            ]
        },
        {
            "fl_x": 0.5400602705776691,
            "fl_y": 0.960107147693634,
            "cx": 0.5,
            "cy": 0.5,
            "w": 1024,
            "h": 576,
            "file_path": "./022.png",
            "transform_matrix": [
                [
                    0.7033800586234732,
                    0.456228016637445,
                    -0.5450802601139605,
                    -1.2628341756991366
                ],
                [
                    0.7100458854317848,
                    -0.4153296690009501,
                    0.5686265089045304,
                    1.2402831566794432
                ],
                [
                    0.0330353403529052,
                    -0.7869925430921341,
                    -0.6160774329620777,
                    -1.618717545499407
                ],
                [
                    0.0,
                    0.0,
                    0.0,
                    1.0
                ]
            ]
        },
        {
            "fl_x": 0.5400602705776691,
            "fl_y": 0.960107147693634,
            "cx": 0.5,
            "cy": 0.5,
            "w": 1024,
            "h": 576,
            "file_path": "./023.png",
            "transform_matrix": [
                [
                    0.7265899147183168,
                    0.44812647492657026,
                    -0.520816434360049,
                    -1.18467064159456
                ],
                [
                    0.6858851753758428,
                    -0.4285596544648559,
                    0.5881310642744629,
                    1.2783962105586115
                ],
                [
                    0.040356189479166305,
                    -0.7845503712540383,
                    -0.6187504286348999,
                    -1.6202791879824168
                ],
                [
                    0.0,
                    0.0,
                    0.0,
                    1.0
                ]
            ]
        },
        {
            "fl_x": 0.5400602705776691,
            "fl_y": 0.960107147693634,
            "cx": 0.5,
            "cy": 0.5,
            "w": 1024,
            "h": 576,
            "file_path": "./024.png",
            "transform_matrix": [
                [
                    0.7492763430241497,
                    0.4394866223011907,
                    -0.49541545252711655,
                    -1.1049526227742317
                ],
                [
                    0.6605227809935863,
                    -0.44182237588128065,
                    0.60704418616697,
                    1.3165971857784817
                ],
                [
                    0.047902166682266406,
                    -0.7820770403156654,
                    -0.6213379800384277,
                    -1.6221203976416954
                ],
                [
                    0.0,
                    0.0,
                    0.0,
                    1.0
                ]
            ]
        },
        {
            "fl_x": 0.5400602705776691,
            "fl_y": 0.960107147693634,
            "cx": 0.5,
            "cy": 0.5,
            "w": 1024,
            "h": 576,
            "file_path": "./025.png",
            "transform_matrix": [
                [
                    0.7713374547935902,
                    0.43028619141264574,
                    -0.46892677926532017,
                    -1.0238810770627054
                ],
                [
                    0.6339889052176285,
                    -0.4550773923037465,
                    0.6252700497184994,
                    1.3547623536578712
                ],
                [
                    0.05564709240831228,
                    -0.7795885841221776,
                    -0.6238149089376421,
                    -1.6242369592335852
                ],
                [
                    0.0,
                    0.0,
                    0.0,
                    1.0
                ]
            ]
        },
        {
            "fl_x": 0.5400602705776691,
            "fl_y": 0.960107147693634,
            "cx": 0.5,
            "cy": 0.5,
            "w": 1024,
            "h": 576,
            "file_path": "./026.png",
            "transform_matrix": [
                [
                    0.7926751823311983,
                    0.42050634943452203,
                    -0.44140736899314836,
                    -0.9416569622845372
                ],
                [
                    0.6063215440566154,
                    -0.4682832013267551,
                    0.6427169116866054,
                    1.3927679855155997
                ],
                [
                    0.06356288641183265,
                    -0.7771005426844184,
                    -0.6261585310690728,
                    -1.6266246575144372
                ],
                [
                    0.0,
                    0.0,
                    0.0,
                    1.0
                ]
            ]
        },
        {
            "fl_x": 0.5400602705776691,
            "fl_y": 0.960107147693634,
            "cx": 0.5,
            "cy": 0.5,
            "w": 1024,
            "h": 576,
            "file_path": "./027.png",
            "transform_matrix": [
                [
                    0.8131960143761441,
                    0.4101318248367925,
                    -0.4129214555563765,
                    -0.858481236264281
                ],
                [
                    0.5775663304325928,
                    -0.48139748275671596,
                    0.6592978064168924,
                    1.4304903526704842
                ],
                [
                    0.0716196631755757,
                    -0.7746278783077327,
                    -0.6283488473730791,
                    -1.629279277240593
                ],
                [
                    0.0,
                    0.0,
                    0.0,
                    1.0
                ]
            ]
        },
        {
            "fl_x": 0.5400602705776691,
            "fl_y": 0.960107147693634,
            "cx": 0.5,
            "cy": 0.5,
            "w": 1024,
            "h": 576,
            "file_path": "./028.png",
            "transform_matrix": [
                [
                    0.8328117138899962,
                    0.39915100196667214,
                    -0.38354025451914286,
                    -0.7745548568264939
                ],
                [
                    0.5477762926074223,
                    -0.49437736392245024,
                    0.6749312226429866,
                    1.4678057264413455
                ],
                [
                    0.07978585378921974,
                    -0.7721848869733793,
                    -0.6303687158045159,
                    -1.6321966031684028
                ],
                [
                    0.0,
                    0.0,
                    0.0,
                    1.0
                ]
            ]
        },
        {
            "fl_x": 0.5400602705776691,
            "fl_y": 0.960107147693634,
            "cx": 0.5,
            "cy": 0.5,
            "w": 1024,
            "h": 576,
            "file_path": "./029.png",
            "transform_matrix": [
                [
                    0.8514400081275528,
                    0.3875559817545369,
                    -0.3533415819940103,
                    -0.6900787817957295
                ],
                [
                    0.5170115296756301,
                    -0.5071797028799493,
                    0.6895417515778659,
                    1.5045903781470007
                ],
                [
                    0.08802835192264946,
                    -0.7697851063724757,
                    -0.6322040013040875,
                    -1.6353724200542108
                ],
                [
                    0.0,
                    0.0,
                    0.0,
                    1.0
                ]
            ]
        },
        {
            "fl_x": 0.5400602705776691,
            "fl_y": 0.960107147693634,
            "cx": 0.5,
            "cy": 0.5,
            "w": 1024,
            "h": 576,
            "file_path": "./030.png",
            "transform_matrix": [
                [
                    0.8690052411032826,
                    0.3753426072986608,
                    -0.32240939515043443,
                    -0.605253968996544
                ],
                [
                    0.48533880782166383,
                    -0.51976138553316,
                    0.7030606970460631,
                    1.5407205791062701
                ],
                [
                    0.09631268118618531,
                    -0.7674412220195718,
                    -0.6338437017024268,
                    -1.638802512654364
                ],
                [
                    0.0,
                    0.0,
                    0.0,
                    1.0
                ]
            ]
        },
        {
            "fl_x": 0.5400602705776691,
            "fl_y": 0.960107147693634,
            "cx": 0.5,
            "cy": 0.5,
            "w": 1024,
            "h": 576,
            "file_path": "./031.png",
            "transform_matrix": [
                [
                    0.8854389789898091,
                    0.362510453562405,
                    -0.29083326072418825,
                    -0.5202813762534914
                ],
                [
                    0.4528310822368038,
                    -0.5320796325224117,
                    0.7154266388771529,
                    1.5760726006379706
                ],
                [
                    0.10460318085856288,
                    -0.7651649728736898,
                    -0.6352800475707358,
                    -1.6424826657252078
                ],
                [
                    0.0,
                    0.0,
                    0.0,
                    1.0
                ]
            ]
        },
        {
            "fl_x": 0.5400602705776691,
            "fl_y": 0.960107147693634,
            "cx": 0.5,
            "cy": 0.5,
            "w": 1024,
            "h": 576,
            "file_path": "./032.png",
            "transform_matrix": [
                [
                    0.900680559590335,
                    0.3490627809311053,
                    -0.25870775895725306,
                    -0.4353619613911274
                ],
                [
                    0.41956695073791533,
                    -0.5440923116302137,
                    0.7265859414228836,
                    1.610522714060922
                ],
                [
                    0.11286320669079315,
                    -0.7629670578691673,
                    -0.6365085743192607,
                    -1.64640866402309
                ],
                [
                    0.0,
                    0.0,
                    0.0,
                    1.0
                ]
            ]
        },
        {
            "fl_x": 0.5400602705776691,
            "fl_y": 0.960107147693634,
            "cx": 0.5,
            "cy": 0.5,
            "w": 1024,
            "h": 576,
            "file_path": "./033.png",
            "transform_matrix": [
                [
                    0.9146775778019768,
                    0.3350064529117479,
                    -0.2261318314032721,
                    -0.3506966822340077
                ],
                [
                    0.3856300462008176,
                    -0.555758251424277,
                    0.7364931998606542,
                    1.643947190693942
                ],
                [
                    0.12105534326688885,
                    -0.7608570447076896,
                    -0.637528165170149,
                    -1.6505762923043563
                ],
                [
                    0.0,
                    0.0,
                    0.0,
                    1.0
                ]
            ]
        },
        {
            "fl_x": 0.5400602705776691,
            "fl_y": 0.960107147693634,
            "cx": 0.5,
            "cy": 0.5,
            "w": 1024,
            "h": 576,
            "file_path": "./034.png",
            "transform_matrix": [
                [
                    0.927386299915691,
                    0.3203518188047714,
                    -0.19320808191470418,
                    -0.2664864966066868
                ],
                [
                    0.35110837589101723,
                    -0.5670375519020104,
                    0.7451116178883181,
                    1.676222301855851
                ],
                [
                    0.12914162422649164,
                    -0.758843282187732,
                    -0.6383410639859338,
                    -1.6549813353253537
                ],
                [
                    0.0,
                    0.0,
                    0.0,
                    1.0
                ]
            ]
        },
        {
            "fl_x": 0.5400602705776691,
            "fl_y": 0.960107147693634,
            "cx": 0.5,
            "cy": 0.5,
            "w": 1024,
            "h": 576,
            "file_path": "./035.png",
            "transform_matrix": [
                [
                    0.9387720006612011,
                    0.3051125627218774,
                    -0.16004204086381182,
                    -0.18293236233371968
                ],
                [
                    0.31609361662174645,
                    -0.5778918880198609,
                    0.7524133114796847,
                    1.7072243188654668
                ],
                [
                    0.13708375653428084,
                    -0.7569328172500708,
                    -0.6389528573097714,
                    -1.659619577842427
                ],
                [
                    0.0,
                    0.0,
                    0.0,
                    1.0
                ]
            ]
        },
        {
            "fl_x": 0.5400602705776691,
            "fl_y": 0.960107147693634,
            "cx": 0.5,
            "cy": 0.5,
            "w": 1024,
            "h": 576,
            "file_path": "./036.png",
            "transform_matrix": [
                [
                    0.9488092180790966,
                    0.28930552085478217,
                    -0.12674140322355787,
                    -0.10023523723966173
                ],
                [
                    0.28068037537472695,
                    -0.5882848021833584,
                    0.7583795345337249,
                    1.7368295130416072
                ],
                [
                    0.14484334492007456,
                    -0.7551313178004404,
                    -0.6393724253589095,
                    -1.6644868046119223
                ],
                [
                    0.0,
                    0.0,
                    0.0,
                    1.0
                ]
            ]
        },
        {
            "fl_x": 0.5400602705776691,
            "fl_y": 0.960107147693634,
            "cx": 0.5,
            "cy": 0.5,
            "w": 1024,
            "h": 576,
            "file_path": "./037.png",
            "transform_matrix": [
                [
                    0.957481922561499,
                    0.2729504694060395,
                    -0.09341525153291827,
                    -0.018596079149069286
                ],
                [
                    0.24496542556710688,
                    -0.5981819820366063,
                    0.7630008234880767,
                    1.7649141557030918
                ],
                [
                    0.15238211261385612,
                    -0.7534430022355902,
                    -0.63961186209885,
                    -1.6695788003901884
                ],
                [
                    0.0,
                    0.0,
                    0.0,
                    1.0
                ]
            ]
        },
        {
            "fl_x": 0.5400602705776691,
            "fl_y": 0.960107147693634,
            "cx": 0.5,
            "cy": 0.5,
            "w": 1024,
            "h": 576,
            "file_path": "./038.png",
            "transform_matrix": [
                [
                    0.9647835977196434,
                    0.2560698860637981,
                    -0.06017327498495574,
                    0.06178415411350404
                ],
                [
                    0.20904692952691284,
                    -0.6075515202183096,
                    0.7662770592519332,
                    1.7913545181687376
                ],
                [
                    0.1596621145623206,
                    -0.7518705764502922,
                    -0.6396863649022028,
                    -1.6748913499335691
                ],
                [
                    0.0,
                    0.0,
                    0.0,
                    1.0
                ]
            ]
        },
        {
            "fl_x": 0.5400602705776691,
            "fl_y": 0.960107147693634,
            "cx": 0.5,
            "cy": 0.5,
            "w": 1024,
            "h": 576,
            "file_path": "./039.png",
            "transform_matrix": [
                [
                    0.9707172320823279,
                    0.23868868832818602,
                    -0.02712499590034537,
                    0.14070450472350288
                ],
                [
                    0.17302365794152788,
                    -0.6163641531390652,
                    0.7682174461164597,
